-8.14032967
-5.698327228
7.732686203
41.92072039
551.0782295
1371.59105
1978.428657
1789.173468
1305.656984
1205.534884
1829.466508
2225.070904
2546.194225
2907.610586
3000.406679
3095.644774
3059.014737
2908.831587
2747.659426
2654.863333
2620.675299
2548.636227
2432.641111
2272.689951
2126.169805
2008.953687
1905.168584
1805.046484
1674.399353
1521.7742
1380.138059
1240.943919
1117.622796
1017.500696
923.483602
841.6765201
768.4164469
691.49337
612.1282906
525.4372039
437.525116
356.9390354
286.1209646
216.523895
149.3688278
88.31876679
38.25771673
5.290683761
-11.80333333
