24.8501
26.9977
24.8501
26.6977
26.9977
28.5654
27.7671
23.6312
36.16
30.7707
38.0076
36.16
43.1613
49.0077
53.3359
55.7523
62.3353
65.0157
66.4836
73.2165
70.8552
69.0652
69.5999
70.3757
68.7793
69.5678
66.7786
68.1654
65.4088
65.0157
67.1238
64.6029
59.619
60.4344
60.4344
57.7748
57.7748
57.7748
55.8823
53.9439
55.9589
56.5928
52.1054
56.5928
54.595
53.3359
55.2535
53.2627
51.2285
53.9047
51.4151
47.8851
49.9416
44.587
44.9062
41.1731
37.1651
36.16
38.0692
34.1146
28.3067
30.2539
29.1587
23.026
20.7378
18.3411