72.9724
72.6875
75.5253
77.8276
75.0248
73.3902
76.7582
83.3194
70.0714
77.1579
65.7124
68.9655
56.2871
52.1215
52.8955
48.6608
41.9799
40.1098
35.5388
33.0149
36.7734
33.7997
35.055
35.0918
35.746
32.4546
36.8821
34.6996
39.8756
38.645
38.3438
37.4772
44.0416
42.4305
40.109
47.3507
48.9043
47.5097
50.119
51.3406
52.6989
53.8116
54.126
50.3577
54.6987
54.6464
57.9873
59.9781
63.2701
59.3361
63.0835
68.4109
65.8614
71.709
74.3992
82.5463
83.3843
85.9176
89.5709
90.273
97.4319
95.5998
96.803
100.693
106.902
